<div class="heart">
    <svg version="1.0" xmlns="http://www.w3.org/2000/svg"
    width="100" height="100" viewBox="0 0 4676.000000 4676.000000"
    preserveAspectRatio="xMidYMid meet">
    <g transform="translate(0.000000,4676.000000) scale(0.100000,-0.100000)"
    fill="pink" stroke="none">
    <path d="M17308 34890 c-1031 -49 -2026 -332 -2898 -823 -1733 -978 -2967
    -2741 -3380 -4832 -183 -931 -195 -1946 -35 -2980 150 -964 448 -2005 857
    -2994 1123 -2722 3103 -5295 5838 -7590 1120 -940 2333 -1812 3690 -2653 568
    -352 1433 -852 1910 -1106 l95 -50 145 80 c2656 1459 4771 2953 6610 4667 400
    374 1046 1031 1415 1441 2378 2642 3869 5605 4249 8440 55 411 76 732 76 1180
    0 734 -66 1280 -236 1960 -281 1124 -815 2159 -1563 3025 -121 140 -423 446
    -571 579 -1077 966 -2384 1525 -3833 1640 -1144 91 -2196 -95 -3132 -554 -406
    -199 -768 -435 -1136 -740 -162 -135 -576 -549 -713 -715 -562 -677 -972
    -1417 -1248 -2252 -34 -106 -65 -193 -68 -193 -3 0 -18 44 -34 98 -101 335
    -285 781 -465 1127 -623 1197 -1530 2112 -2642 2664 -879 437 -1858 631 -2931
    581z m1487 -816 c-1010 -298 -2192 -920 -3185 -1675 -1481 -1125 -2690 -2612
    -3534 -4344 -162 -332 -458 -1015 -482 -1112 -22 -88 -24 47 -3 322 99 1347
    507 2662 1150 3712 963 1570 2436 2563 4363 2942 506 100 1117 164 1596 168
    143 2 144 1 95 -13z"/>
    </g>
    </svg>
</div>
<div class="heart">
    <svg version="1.0" xmlns="http://www.w3.org/2000/svg"
    width="100" height="100" viewBox="0 0 4676.000000 4676.000000"
    preserveAspectRatio="xMidYMid meet">
    <g transform="translate(0.000000,4676.000000) scale(0.100000,-0.100000)"
    fill="pink" stroke="none">
    <path d="M17308 34890 c-1031 -49 -2026 -332 -2898 -823 -1733 -978 -2967
    -2741 -3380 -4832 -183 -931 -195 -1946 -35 -2980 150 -964 448 -2005 857
    -2994 1123 -2722 3103 -5295 5838 -7590 1120 -940 2333 -1812 3690 -2653 568
    -352 1433 -852 1910 -1106 l95 -50 145 80 c2656 1459 4771 2953 6610 4667 400
    374 1046 1031 1415 1441 2378 2642 3869 5605 4249 8440 55 411 76 732 76 1180
    0 734 -66 1280 -236 1960 -281 1124 -815 2159 -1563 3025 -121 140 -423 446
    -571 579 -1077 966 -2384 1525 -3833 1640 -1144 91 -2196 -95 -3132 -554 -406
    -199 -768 -435 -1136 -740 -162 -135 -576 -549 -713 -715 -562 -677 -972
    -1417 -1248 -2252 -34 -106 -65 -193 -68 -193 -3 0 -18 44 -34 98 -101 335
    -285 781 -465 1127 -623 1197 -1530 2112 -2642 2664 -879 437 -1858 631 -2931
    581z m1487 -816 c-1010 -298 -2192 -920 -3185 -1675 -1481 -1125 -2690 -2612
    -3534 -4344 -162 -332 -458 -1015 -482 -1112 -22 -88 -24 47 -3 322 99 1347
    507 2662 1150 3712 963 1570 2436 2563 4363 2942 506 100 1117 164 1596 168
    143 2 144 1 95 -13z"/>
    </g>
    </svg>
</div>
<div class="heart">
    <svg version="1.0" xmlns="http://www.w3.org/2000/svg"
    width="100" height="100" viewBox="0 0 4676.000000 4676.000000"
    preserveAspectRatio="xMidYMid meet">
    <g transform="translate(0.000000,4676.000000) scale(0.100000,-0.100000)"
    fill="pink" stroke="none">
    <path d="M17308 34890 c-1031 -49 -2026 -332 -2898 -823 -1733 -978 -2967
    -2741 -3380 -4832 -183 -931 -195 -1946 -35 -2980 150 -964 448 -2005 857
    -2994 1123 -2722 3103 -5295 5838 -7590 1120 -940 2333 -1812 3690 -2653 568
    -352 1433 -852 1910 -1106 l95 -50 145 80 c2656 1459 4771 2953 6610 4667 400
    374 1046 1031 1415 1441 2378 2642 3869 5605 4249 8440 55 411 76 732 76 1180
    0 734 -66 1280 -236 1960 -281 1124 -815 2159 -1563 3025 -121 140 -423 446
    -571 579 -1077 966 -2384 1525 -3833 1640 -1144 91 -2196 -95 -3132 -554 -406
    -199 -768 -435 -1136 -740 -162 -135 -576 -549 -713 -715 -562 -677 -972
    -1417 -1248 -2252 -34 -106 -65 -193 -68 -193 -3 0 -18 44 -34 98 -101 335
    -285 781 -465 1127 -623 1197 -1530 2112 -2642 2664 -879 437 -1858 631 -2931
    581z m1487 -816 c-1010 -298 -2192 -920 -3185 -1675 -1481 -1125 -2690 -2612
    -3534 -4344 -162 -332 -458 -1015 -482 -1112 -22 -88 -24 47 -3 322 99 1347
    507 2662 1150 3712 963 1570 2436 2563 4363 2942 506 100 1117 164 1596 168
    143 2 144 1 95 -13z"/>
    </g>
    </svg>
</div>
<div class="heart">
    <svg version="1.0" xmlns="http://www.w3.org/2000/svg"
    width="100" height="100" viewBox="0 0 4676.000000 4676.000000"
    preserveAspectRatio="xMidYMid meet">
    <g transform="translate(0.000000,4676.000000) scale(0.100000,-0.100000)"
    fill="pink" stroke="none">
    <path d="M17308 34890 c-1031 -49 -2026 -332 -2898 -823 -1733 -978 -2967
    -2741 -3380 -4832 -183 -931 -195 -1946 -35 -2980 150 -964 448 -2005 857
    -2994 1123 -2722 3103 -5295 5838 -7590 1120 -940 2333 -1812 3690 -2653 568
    -352 1433 -852 1910 -1106 l95 -50 145 80 c2656 1459 4771 2953 6610 4667 400
    374 1046 1031 1415 1441 2378 2642 3869 5605 4249 8440 55 411 76 732 76 1180
    0 734 -66 1280 -236 1960 -281 1124 -815 2159 -1563 3025 -121 140 -423 446
    -571 579 -1077 966 -2384 1525 -3833 1640 -1144 91 -2196 -95 -3132 -554 -406
    -199 -768 -435 -1136 -740 -162 -135 -576 -549 -713 -715 -562 -677 -972
    -1417 -1248 -2252 -34 -106 -65 -193 -68 -193 -3 0 -18 44 -34 98 -101 335
    -285 781 -465 1127 -623 1197 -1530 2112 -2642 2664 -879 437 -1858 631 -2931
    581z m1487 -816 c-1010 -298 -2192 -920 -3185 -1675 -1481 -1125 -2690 -2612
    -3534 -4344 -162 -332 -458 -1015 -482 -1112 -22 -88 -24 47 -3 322 99 1347
    507 2662 1150 3712 963 1570 2436 2563 4363 2942 506 100 1117 164 1596 168
    143 2 144 1 95 -13z"/>
    </g>
    </svg>
</div>